bom_id,consumed_product_id
1,506
1,509
1,511
1,512
2,208
2,209
2,210
2,211
2,212
2,213
2,214
2,215
2,216
2,217
2,218
2,219
2,220
3,863
3,864
3,865
3,866
3,867
3,869
3,871
3,874
3,876
3,877
3,878
3,879
3,880
3,881
4,580
4,582
4,583
4,585
4,586
4,587
4,588
4,589
4,590
4,593
4,594
4,595
4,596
4,597
4,598
4,599
4,600
5,759
5,760
5,761
5,762
5,763
5,764
5,765
5,766
6,670
6,671
6,673
6,674
6,676
6,678
6,680
6,681
6,682
7,488
7,489
7,490
7,493
7,494
7,495
7,496
7,497
7,498
7,499
7,500
7,501
7,502
7,503
8,607
8,608
8,609
8,610
8,611
8,612
8,613
8,614
8,615
9,504
9,507
9,508
9,510
10,846
10,847
10,848
10,849
10,850
10,851
10,852
10,853
10,854
10,855
10,856
10,857
10,858
10,859
10,860
10,861
10,862
11,514
11,515
11,516
11,517
12,229
12,230
12,231
12,232
12,233
12,234
13,150
13,151
13,152
13,153
13,154
13,155
13,156
13,157
13,158
13,159
14,961
14,965
15,844
15,845
16,317
16,318
16,319
16,320
16,321
16,322
16,324
16,325
16,327
16,328
17,838
17,839
17,840
17,841
17,842
17,843
18,452
18,453
18,454
18,455
19,749
19,750
19,751
19,752
20,580
20,582
20,583
20,585
20,586
20,587
20,588
20,589
20,590
20,593
20,594
20,595
20,596
20,597
20,598
20,599
20,600
21,734
21,735
21,737
21,738
21,739
21,740
21,741
21,742
21,743
21,744
21,745
21,746
21,747
21,748
22,196
22,197
22,198
22,199
22,200
22,201
22,202
22,203
22,204
22,205
22,206
22,207
23,865
23,866
23,867
23,869
23,870
23,871
23,873
23,875
23,877
23,878
23,880
23,881
24,481
24,482
24,483
24,485
24,486
24,487
25,757
25,758
26,962
26,963
26,968
27,959
27,960
27,964
27,966
27,967
27,968
27,969
28,579
28,581
28,584
28,587
28,591
28,592
28,597
28,598
28,601
29,684
29,685
29,686
29,687
29,688
29,690
29,691
29,692
29,693
29,694
29,695
29,696
29,697
30,670
30,671
30,672
30,674
30,676
30,677
30,678
30,679
30,680
30,681
30,682
30,683
31,221
31,222
31,223
31,224
31,225
31,226
31,227
31,228
32,335
32,337
32,338
32,339
32,340
32,341
32,342
32,345
32,346
32,348
32,349
32,350
32,351
32,352
32,353
32,354
32,355
32,356
32,360
32,362
32,363
32,364
32,365
32,366
32,367
32,370
32,372
32,373
32,374
32,375
32,376
32,377
32,378
32,379
32,381
32,385
32,386
32,390
32,394
32,395
32,397
32,405
32,407
32,408
33,714
33,715
33,716
33,717
33,718
34,339
34,340
34,343
34,356
34,362
34,364
34,367
34,368
34,369
34,371
34,375
34,379
34,380
34,393
34,398
34,399
34,400
34,401
34,402
34,403
34,404
34,405
35,971
35,972
35,973
35,974
35,975
35,976
35,977
35,978
35,979
35,980
36,488
36,489
36,490
36,492
36,493
36,494
36,495
36,496
36,497
36,498
36,499
36,500
36,501
36,502
36,503
37,335
37,337
37,338
37,339
37,340
37,341
37,342
37,345
37,346
37,348
37,349
37,350
37,351
37,352
37,353
37,354
37,355
37,356
37,360
37,362
37,363
37,364
37,365
37,366
37,367
37,370
37,372
37,373
37,374
37,375
37,376
37,377
37,378
37,379
37,381
37,385
37,386
37,390
37,394
37,395
37,397
37,405
37,407
37,408
38,771
38,772
38,774
38,775
39,523
39,524
39,529
39,531
39,536
39,544
39,547
40,727
40,728
40,729
40,730
40,731
40,732
40,733
41,865
41,866
41,867
41,868
41,869
41,871
41,872
41,875
41,877
41,878
41,880
41,881
42,335
42,336
42,337
42,338
42,339
42,340
42,341
42,342
42,344
42,347
42,349
42,350
42,356
42,357
42,358
42,359
42,360
42,361
42,362
42,363
42,364
42,365
42,366
42,367
42,370
42,372
42,374
42,377
42,378
42,379
42,381
42,382
42,383
42,384
42,386
42,387
42,388
42,389
42,390
42,391
42,392
42,394
42,396
42,397
42,405
42,406
42,407
42,408
43,603
43,605
43,606
44,520
44,521
44,522
44,524
44,535
44,536
44,539
44,543
44,546
44,547
45,286
45,287
45,289
45,290
45,291
45,295
45,296
45,297
45,298
45,299
45,300
45,301
45,303
45,304
45,305
45,306
45,308
45,310
45,311
45,312
45,313
45,314
45,316
46,519
46,523
46,525
46,529
46,530
46,536
46,537
46,540
46,544
46,550
46,551
46,552
46,554
47,529
47,532
47,533
47,534
47,535
47,541
47,542
47,552
47,557
48,160
48,161
48,164
48,165
48,166
48,167
48,168
48,169
48,170
48,172
48,173
48,174
48,175
48,177
48,178
48,179
48,180
48,181
48,182
48,183
48,184
49,670
49,674
49,675
49,678
49,680
49,681
49,682
50,329
50,330
50,331
50,332
50,333
50,334
51,442
51,443
51,444
51,445
52,286
52,287
52,289
52,290
52,291
52,293
52,294
52,295
52,296
52,297
52,298
52,299
52,300
52,301
52,304
52,306
52,307
52,308
52,309
52,310
52,311
52,312
52,313
52,315
52,316
53,446
53,447
53,448
53,449
53,450
53,451
54,192
54,193
54,194
55,670
55,673
55,674
55,675
55,678
55,680
55,681
55,682
56,776
56,777
56,778
56,779
56,780
56,781
56,782
56,783
56,784
56,785
56,786
56,787
56,788
56,789
56,790
56,791
57,890
57,892
57,901
57,905
58,698
58,699
58,700
58,701
58,702
58,703
58,704
58,705
58,706
58,707
58,708
58,709
58,710
58,711
58,712
58,713
59,757
59,758
60,719
60,720
60,721
60,722
60,723
60,724
60,725
60,726
61,432
61,433
61,434
61,435
61,436
61,437
61,438
61,439
61,440
61,441
62,409
62,410
62,411
62,412
62,413
62,414
63,887
63,895
63,897
63,903
63,905
63,907
64,887
64,898
64,912
65,887
65,898
65,912
66,616
66,617
66,618
66,619
66,620
66,621
67,887
67,888
67,898
67,912
68,887
68,895
68,897
68,903
68,905
68,907
69,891
69,899
69,904
70,882
70,883
70,884
70,889
70,891
70,900
70,902
70,908
70,909
70,910
70,913
70,915
71,885
71,886
71,906
71,911
72,887
72,893
72,894
72,895
72,896
72,897
72,905
72,907
73,318
73,319
73,320
73,321
73,323
73,325
73,326
73,327
73,328
74,753
74,754
74,755
74,756
75,415
75,416
75,417
75,419
75,420
75,422
75,423
75,424
75,425
75,426
75,427
75,428
75,429
75,430
75,431
76,418
76,421
76,422
76,423
76,427
77,792
77,793
77,795
77,797
77,800
77,803
77,804
77,806
77,808
77,809
77,814
77,816
77,817
77,818
77,821
77,825
77,826
77,828
77,836
78,796
78,802
78,827
78,832
79,805
79,811
79,813
79,814
79,815
80,807
80,835
81,252
81,253
82,794
82,798
82,799
82,823
82,824
82,829
82,830
82,831
82,833
82,837
83,801
83,802
83,819
83,832
83,834
84,805
84,813
84,814
85,670
85,671
85,673
85,674
85,676
85,678
85,680
85,681
85,682
86,251
86,252
86,254
86,255
86,256
86,257
87,794
87,810
87,820
87,829
87,830
87,831
87,833
87,837
88,796
88,802
88,827
88,832
89,812
89,814
89,816
89,826
90,670
90,671
90,673
90,674
90,676
90,678
90,680
90,681
90,682
91,186
91,187
91,188
91,189
91,190
91,191
92,622
92,623
92,624
92,625
92,626
92,627
92,629
92,630
92,631
92,632
92,633
92,634
92,636
92,637
92,638
92,639
92,640
92,642
92,643
92,644
92,647
92,649
92,650
92,651
92,652
92,654
92,655
92,656
92,658
92,660
92,668
92,669
93,527
93,528
93,538
93,545
93,553
94,985
94,988
94,989
94,991
94,1004
94,1006
94,1009
94,1023
94,1029
94,1030
95,670
95,671
95,673
95,674
95,676
95,678
95,680
95,681
95,682
96,982
96,986
96,987
96,991
96,995
96,996
96,997
96,1011
96,1013
96,1017
96,1019
96,1022
96,1024
96,1026
96,1031
97,983
97,984
97,990
97,992
97,994
97,998
97,1000
97,1001
97,1002
97,1005
97,1008
97,1009
97,1012
97,1014
97,1015
97,1016
97,1020
97,1024
97,1025
97,1030
97,1033
97,1035
97,1036
97,1037
97,1038
97,1039
97,1041
97,1042
97,1046
98,993
98,999
98,1028
98,1034
98,1040
99,520
99,521
99,522
99,524
99,535
99,536
99,539
99,543
99,546
99,547
100,670
100,671
100,672
100,674
100,676
100,677
100,678
100,679
100,680
100,681
100,682
100,683
101,488
101,489
101,490
101,492
101,493
101,494
101,495
101,496
101,497
101,498
101,499
101,500
101,501
101,502
101,503
102,519
102,523
102,525
102,529
102,530
102,536
102,537
102,540
102,544
102,550
102,551
102,552
102,554
103,993
103,999
103,1028
103,1034
103,1040
104,523
104,524
104,529
104,531
104,536
104,544
104,547
105,981
105,1007
105,1010
105,1022
105,1027
105,1032
105,1043
105,1044
105,1045
106,481
106,482
106,484
106,485
106,486
106,487
107,285
107,287
107,288
107,289
107,292
107,297
107,299
107,302
107,304
107,306
107,311
107,312
107,313
107,314
107,316
108,151
108,152
108,154
108,157
108,159
109,999
109,1003
109,1006
109,1021
109,1023
110,670
110,673
110,674
110,675
110,678
110,680
110,681
110,682
111,566
111,567
111,568
111,569
111,570
111,571
111,572
111,573
111,574
111,575
111,576
111,577
111,578
112,465
112,466
112,473
112,477
113,527
113,528
113,535
113,538
114,527
114,528
114,545
114,553
115,558
115,561
115,563
116,457
116,458
116,459
116,461
116,462
116,463
116,464
116,468
116,469
116,470
116,471
116,472
116,474
116,475
116,478
116,479
116,480
117,559
117,560
117,562
117,564
117,565
118,622
118,623
118,624
118,625
118,626
118,627
118,629
118,630
118,631
118,632
118,633
118,634
118,636
118,637
118,638
118,639
118,640
118,642
118,643
118,644
118,647
118,649
118,650
118,651
118,652
118,654
118,655
118,656
118,658
118,660
118,668
118,669
119,767
119,768
119,769
119,770
120,460
120,467
120,476
120,480
121,624
121,625
121,633
121,639
121,644
121,646
121,648
121,652
121,657
121,659
121,661
121,662
121,663
121,664
121,665
121,666
122,264
122,265
122,266
122,267
122,268
122,269
122,270
122,271
122,272
122,273
122,274
122,275
122,276
122,277
122,278
122,279
122,280
123,916
123,917
123,918
123,919
123,920
123,921
123,922
123,923
124,281
124,282
124,283
124,284
125,622
125,623
125,624
125,625
125,626
125,627
125,629
125,630
125,631
125,632
125,633
125,634
125,636
125,637
125,638
125,639
125,640
125,642
125,643
125,644
125,647
125,649
125,650
125,651
125,652
125,654
125,655
125,656
125,658
125,660
125,668
125,669
126,527
126,528
126,545
126,553
127,625
127,639
127,644
127,646
127,652
127,657
127,659
127,661
127,662
127,663
127,664
127,665
127,666
128,518
128,523
128,525
128,536
128,537
128,547
128,548
128,553
129,488
129,489
129,490
129,491
129,493
129,494
129,495
129,496
129,497
129,498
129,499
129,500
129,501
129,502
129,503
130,925
130,926
130,927
130,928
130,929
130,930
130,931
130,932
130,933
130,934
130,935
130,936
130,937
130,938
130,939
130,940
130,941
130,942
130,943
130,944
130,945
130,946
130,947
130,948
130,949
130,950
130,951
130,952
130,953
130,954
130,955
130,956
130,957
130,958
131,527
131,528
131,545
131,553
132,235
132,236
132,237
132,239
132,240
132,241
132,242
132,243
132,246
132,247
132,248
132,250
133,624
133,635
133,645
133,653
133,659
133,663
133,664
133,665
133,667
134,488
134,489
134,490
134,492
134,493
134,494
134,495
134,496
134,497
134,498
134,499
134,500
134,501
134,502
134,503
135,527
135,528
135,545
135,553
135,555
136,523
136,524
136,529
136,531
136,536
136,544
136,547
137,235
137,237
137,238
137,239
137,240
137,241
137,242
137,243
137,244
137,245
137,247
137,248
137,249
138,527
138,528
138,538
138,545
138,553
139,518
139,523
139,525
139,536
139,537
139,547
139,548
139,553
140,259
140,260
140,261
140,262
140,263
141,622
141,623
141,624
141,625
141,626
141,627
141,629
141,630
141,631
141,632
141,633
141,634
141,636
141,637
141,638
141,639
141,640
141,642
141,643
141,644
141,647
141,649
141,650
141,651
141,652
141,654
141,655
141,656
141,658
141,660
141,668
141,669
142,518
142,523
142,525
142,536
142,537
142,547
142,548
142,553
143,622
143,623
143,624
143,625
143,626
143,627
143,629
143,630
143,631
143,632
143,633
143,634
143,636
143,637
143,638
143,639
143,640
143,642
143,643
143,644
143,647
143,649
143,650
143,651
143,652
143,654
143,655
143,656
143,658
143,660
143,668
143,669
144,523
144,524
144,529
144,531
144,536
144,544
144,547
145,624
145,635
145,645
145,653
145,659
145,663
145,664
145,665
145,667
146,520
146,523
146,525
146,527
146,536
146,537
146,547
146,553
147,625
147,628
147,639
147,641
147,644
147,653
147,659
147,663
147,665
147,667
148,527
148,528
148,545
148,553
148,555
149,526
149,549
149,551
149,552
