supplier_id,product_id
1,182
1,202
1,215
1,217
1,232
1,243
1,366
1,392
1,411
1,412
1,440
1,453
1,473
1,509
1,538
1,541
1,545
1,559
1,562
1,619
1,643
1,678
1,680
1,731
1,758
1,767
1,774
1,807
1,819
1,827
1,898
1,943
1,977
1,993
1,1027
1,1028
2,161
2,168
2,180
2,197
2,201
2,205
2,206
2,318
2,319
2,779
2,864
3,218
3,219
3,233
3,247
3,248
3,414
3,433
3,441
3,449
3,450
3,621
3,674
3,681
3,682
3,685
3,732
3,733
3,757
3,835
3,978
3,979
3,1043
3,1044
4,170
4,181
4,198
4,295
4,296
4,317
4,318
4,319
4,323
4,324
4,326
4,361
4,638
4,691
4,693
4,776
4,779
4,793
4,795
4,798
4,803
4,804
4,808
4,809
4,821
4,823
4,824
4,836
4,846
4,853
4,863
4,889
4,900
5,151
5,152
5,153
5,154
5,156
5,157
5,158
5,175
5,262
5,263
5,268
5,270
5,274
5,276
5,277
5,341
5,346
5,360
5,363
5,367
5,374
5,381
5,382
5,384
5,388
5,395
5,420
5,422
5,423
5,425
5,426
5,427
5,429
5,470
5,496
5,510
5,515
5,516
5,521
5,525
5,536
5,539
5,543
5,544
5,547
5,563
5,586
5,592
5,610
5,630
5,636
5,644
5,649
5,654
5,656
5,735
5,742
5,759
5,761
5,762
5,764
5,765
5,787
5,792
5,800
5,814
5,816
5,817
5,825
5,826
5,840
5,841
5,850
5,851
5,855
5,856
5,859
5,890
5,897
5,903
5,905
5,907
5,931
5,938
5,940
5,944
5,947
5,951
5,975
5,988
5,994
5,1005
5,1006
5,1009
5,1016
5,1023
5,1024
5,1025
5,1030
5,1035
6,164
6,260
6,443
6,531
6,533
6,555
6,561
6,572
6,747
6,748
6,770
6,782
6,791
6,797
6,813
6,815
6,834
6,852
6,893
6,896
6,961
6,1003
7,409
7,705
7,706
7,707
7,839
7,861
8,174
9,259
9,292
9,357
9,418
9,454
9,465
9,507
9,511
9,527
9,529
9,549
9,560
9,605
9,613
9,634
9,738
9,768
9,771
9,796
9,801
9,805
9,838
9,887
9,918
9,965
9,999
10,182
10,202
10,203
10,208
10,215
10,217
10,232
10,235
10,243
10,320
10,366
10,392
10,412
10,440
10,448
10,453
10,473
10,487
10,498
10,509
10,526
10,538
10,541
10,545
10,559
10,562
10,616
10,619
10,643
10,670
10,678
10,680
10,698
10,727
10,731
10,758
10,767
10,774
10,788
10,807
10,819
10,827
10,879
10,898
10,943
10,971
10,977
10,981
10,993
10,1027
10,1028
10,1031
11,151
11,152
11,153
11,154
11,156
11,157
11,158
11,175
11,262
11,263
11,268
11,270
11,274
11,276
11,277
11,341
11,346
11,360
11,363
11,367
11,374
11,381
11,382
11,384
11,388
11,395
11,420
11,422
11,423
11,425
11,426
11,427
11,429
11,470
11,496
11,507
11,510
11,515
11,516
11,521
11,525
11,529
11,536
11,539
11,543
11,544
11,547
11,549
11,563
11,586
11,592
11,610
11,613
11,630
11,636
11,644
11,649
11,654
11,656
11,735
11,738
11,742
11,759
11,761
11,762
11,764
11,765
11,768
11,787
11,792
11,800
11,805
11,814
11,816
11,817
11,825
11,826
11,838
11,840
11,841
11,850
11,851
11,855
11,856
11,859
11,890
11,897
11,903
11,905
11,907
11,931
11,938
11,940
11,944
11,947
11,951
11,965
11,975
11,988
11,994
11,1005
11,1006
11,1009
11,1016
11,1023
11,1024
11,1025
11,1030
11,1035
12,283
12,432
12,752
13,259
13,292
13,357
13,410
13,418
13,454
13,465
13,511
13,527
13,560
13,605
13,634
13,771
13,796
13,801
13,887
13,918
13,999
14,734
15,188
15,200
15,204
15,209
15,213
15,223
15,230
15,240
15,255
15,264
15,275
15,279
15,322
15,332
15,352
15,353
15,354
15,413
15,438
15,447
15,483
15,484
15,491
15,492
15,618
15,645
15,671
15,675
15,676
15,686
15,709
15,716
15,728
15,750
15,783
15,818
15,844
15,868
15,872
15,873
15,874
15,876
15,920
15,972
15,973
15,1010
15,1011
16,432
17,741
18,179
18,180
18,187
18,191
18,196
18,197
18,199
18,205
18,207
18,210
18,211
18,212
18,220
18,229
18,231
18,234
18,237
18,238
18,239
18,261
18,271
18,321
18,358
18,359
18,364
18,373
18,387
18,390
18,391
18,419
18,428
18,435
18,437
18,446
18,451
18,452
18,466
18,489
18,494
18,506
18,518
18,523
18,528
18,537
18,540
18,542
18,546
18,548
18,564
18,587
18,588
18,603
18,617
18,637
18,640
18,672
18,673
18,683
18,684
18,687
18,690
18,692
18,697
18,714
18,737
18,763
18,772
18,802
18,888
18,901
18,921
18,922
18,941
18,953
18,955
18,962
18,980
18,987
18,996
18,1000
18,1007
18,1015
18,1021
18,1029
18,1034
18,1045
19,150
19,172
19,189
19,190
19,192
19,193
19,194
19,214
19,222
19,224
19,225
19,228
19,241
19,249
19,250
19,251
19,256
19,265
19,267
19,269
19,272
19,280
19,287
19,288
19,289
19,290
19,293
19,294
19,297
19,298
19,299
19,302
19,304
19,316
19,327
19,328
19,329
19,331
19,333
19,334
19,340
19,343
19,344
19,345
19,347
19,348
19,351
19,355
19,362
19,365
19,368
19,375
19,376
19,380
19,385
19,386
19,397
19,405
19,415
19,417
19,421
19,439
19,442
19,444
19,445
19,459
19,460
19,461
19,462
19,463
19,464
19,467
19,468
19,469
19,471
19,472
19,480
19,482
19,485
19,486
19,490
19,493
19,495
19,497
19,508
19,514
19,520
19,530
19,532
19,534
19,535
19,557
19,569
19,571
19,574
19,575
19,577
19,578
19,591
19,601
19,607
19,608
19,609
19,611
19,612
19,615
19,625
19,627
19,628
19,629
19,639
19,641
19,642
19,650
19,653
19,655
19,667
19,668
19,677
19,695
19,696
19,704
19,708
19,712
19,717
19,718
19,719
19,720
19,721
19,723
19,724
19,726
19,729
19,739
19,749
19,753
19,754
19,755
19,756
19,777
19,780
19,784
19,785
19,786
19,810
19,811
19,812
19,828
19,837
19,847
19,848
19,854
19,857
19,858
19,860
19,866
19,869
19,871
19,877
19,878
19,880
19,881
19,883
19,891
19,894
19,895
19,899
19,902
19,915
19,930
19,933
19,934
19,939
19,942
19,952
19,957
19,960
19,974
19,984
19,985
19,990
19,992
19,997
19,1001
19,1002
19,1004
19,1008
19,1017
19,1022
19,1026
19,1046
20,416
20,430
20,522
20,581
20,584
20,916
20,989
21,892
22,635
23,170
23,181
23,198
23,295
23,296
23,317
23,323
23,324
23,326
23,361
23,638
23,691
23,693
23,776
23,793
23,795
23,798
23,803
23,804
23,808
23,809
23,821
23,823
23,824
23,836
23,846
23,853
23,863
23,889
23,900
24,282
24,582
24,751
24,820
24,885
24,886
24,906
24,963
24,964
25,196
25,389
25,410
25,434
25,437
25,637
25,688
25,690
25,922
25,954
25,962
26,161
26,168
26,169
26,799
26,806
26,864
26,884
27,159
27,160
27,164
27,165
27,166
27,167
27,172
27,173
27,177
27,178
27,183
27,184
27,186
27,189
27,190
27,191
27,192
27,193
27,194
27,199
27,203
27,208
27,216
27,218
27,219
27,221
27,222
27,224
27,225
27,226
27,227
27,228
27,231
27,233
27,235
27,236
27,242
27,244
27,245
27,246
27,247
27,248
27,249
27,251
27,252
27,254
27,256
27,257
27,266
27,269
27,278
27,281
27,282
27,284
27,285
27,286
27,287
27,288
27,289
27,290
27,291
27,293
27,294
27,297
27,298
27,299
27,300
27,301
27,302
27,303
27,304
27,305
27,306
27,307
27,308
27,309
27,310
27,311
27,312
27,313
27,314
27,315
27,316
27,320
27,321
27,329
27,330
27,331
27,333
27,334
27,335
27,336
27,338
27,339
27,342
27,343
27,345
27,349
27,350
27,356
27,358
27,359
27,362
27,368
27,369
27,370
27,371
27,372
27,377
27,378
27,379
27,380
27,383
27,389
27,391
27,393
27,394
27,396
27,398
27,399
27,400
27,401
27,402
27,403
27,404
27,406
27,407
27,408
27,414
27,415
27,419
27,421
27,428
27,431
27,433
27,434
27,441
27,444
27,445
27,448
27,449
27,450
27,455
27,457
27,458
27,461
27,462
27,467
27,468
27,469
27,472
27,474
27,475
27,476
27,477
27,478
27,479
27,480
27,481
27,482
27,487
27,488
27,489
27,494
27,498
27,499
27,500
27,501
27,502
27,503
27,504
27,512
27,514
27,517
27,519
27,524
27,530
27,534
27,535
27,548
27,550
27,551
27,552
27,553
27,554
27,557
27,558
27,565
27,567
27,568
27,570
27,573
27,576
27,579
27,580
27,582
27,583
27,585
27,589
27,590
27,591
27,593
27,594
27,595
27,596
27,597
27,598
27,599
27,600
27,601
27,606
27,608
27,609
27,614
27,616
27,620
27,621
27,622
27,623
27,624
27,626
27,628
27,631
27,632
27,633
27,639
27,641
27,646
27,647
27,648
27,651
27,652
27,653
27,657
27,658
27,659
27,660
27,661
27,662
27,663
27,664
27,665
27,666
27,667
27,669
27,670
27,679
27,681
27,682
27,688
27,698
27,699
27,700
27,702
27,703
27,710
27,711
27,713
27,714
27,715
27,719
27,720
27,721
27,724
27,725
27,726
27,727
27,730
27,732
27,733
27,739
27,743
27,744
27,745
27,746
27,751
27,753
27,754
27,755
27,756
27,757
27,760
27,766
27,769
27,775
27,778
27,781
27,786
27,788
27,789
27,790
27,794
27,810
27,811
27,820
27,828
27,829
27,830
27,831
27,832
27,833
27,834
27,835
27,837
27,842
27,843
27,845
27,847
27,848
27,854
27,857
27,858
27,860
27,862
27,865
27,866
27,867
27,870
27,871
27,877
27,878
27,879
27,881
27,882
27,883
27,885
27,886
27,891
27,894
27,895
27,899
27,902
27,906
27,908
27,909
27,910
27,911
27,912
27,913
27,915
27,917
27,919
27,921
27,923
27,925
27,926
27,928
27,929
27,932
27,933
27,935
27,936
27,937
27,939
27,945
27,946
27,948
27,949
27,950
27,954
27,956
27,958
27,959
27,960
27,963
27,964
27,966
27,967
27,968
27,969
27,971
27,976
27,978
27,979
27,981
27,982
27,983
27,984
27,986
27,987
27,990
27,991
27,992
27,995
27,996
27,998
27,1001
27,1002
27,1004
27,1008
27,1012
27,1013
27,1014
27,1019
27,1020
27,1031
27,1032
27,1033
27,1036
27,1037
27,1038
27,1039
27,1040
27,1041
27,1042
27,1043
27,1044
27,1046
28,150
28,159
28,160
28,165
28,166
28,167
28,169
28,173
28,177
28,178
28,183
28,184
28,214
28,221
28,227
28,236
28,241
28,244
28,245
28,246
28,250
28,257
28,260
28,265
28,266
28,267
28,272
28,278
28,280
28,281
28,284
28,285
28,286
28,291
28,300
28,301
28,303
28,305
28,306
28,307
28,308
28,309
28,310
28,311
28,312
28,313
28,314
28,315
28,327
28,328
28,335
28,336
28,338
28,339
28,340
28,342
28,344
28,347
28,348
28,349
28,350
28,351
28,355
28,356
28,365
28,369
28,370
28,371
28,372
28,375
28,376
28,377
28,378
28,379
28,383
28,385
28,386
28,393
28,394
28,396
28,397
28,398
28,399
28,400
28,401
28,402
28,403
28,404
28,405
28,406
28,407
28,409
28,417
28,431
28,439
28,442
28,443
28,455
28,457
28,458
28,459
28,460
28,463
28,464
28,471
28,474
28,475
28,476
28,477
28,478
28,479
28,485
28,486
28,490
28,493
28,495
28,497
28,499
28,500
28,501
28,502
28,503
28,504
28,508
28,512
28,517
28,519
28,520
28,531
28,532
28,533
28,550
28,551
28,552
28,553
28,554
28,558
28,561
28,565
28,567
28,568
28,569
28,570
28,571
28,572
28,573
28,574
28,575
28,576
28,577
28,578
28,579
28,580
28,583
28,585
28,589
28,590
28,593
28,594
28,595
28,596
28,597
28,598
28,599
28,600
28,606
28,607
28,611
28,612
28,614
28,615
28,622
28,623
28,624
28,625
28,626
28,627
28,629
28,631
28,632
28,633
28,642
28,646
28,647
28,648
28,650
28,651
28,652
28,655
28,657
28,658
28,659
28,660
28,661
28,662
28,663
28,664
28,665
28,666
28,668
28,669
28,677
28,695
28,696
28,699
28,702
28,703
28,704
28,705
28,706
28,707
28,708
28,710
28,711
28,712
28,717
28,718
28,723
28,725
28,729
28,743
28,744
28,745
28,746
28,748
28,749
28,760
28,766
28,769
28,775
28,777
28,780
28,782
28,784
28,785
28,790
28,791
28,794
28,799
28,806
28,812
28,813
28,829
28,830
28,831
28,832
28,833
28,839
28,842
28,843
28,845
28,852
28,861
28,862
28,865
28,869
28,880
28,882
28,884
28,908
28,909
28,910
28,911
28,912
28,913
28,923
28,925
28,926
28,928
28,929
28,930
28,932
28,934
28,935
28,936
28,937
28,942
28,945
28,946
28,948
28,949
28,950
28,952
28,956
28,957
28,959
28,961
28,966
28,967
28,968
28,969
28,974
28,982
28,983
28,985
28,986
28,995
28,997
28,998
28,1003
28,1012
28,1013
28,1014
28,1017
28,1019
28,1020
28,1022
28,1026
28,1033
28,1036
28,1037
28,1038
28,1039
28,1040
28,1041
28,1042
29,325
29,436
29,694
29,701
29,722
29,875
30,264
30,275
30,279
30,352
30,353
30,354
30,868
31,741
32,283
32,411
32,752
33,155
33,174
33,273
33,337
33,424
33,740
33,927
34,566
35,416
35,430
35,522
35,581
35,584
35,916
35,989
36,740
37,253
37,849
37,904
38,155
38,186
38,216
38,226
38,242
38,252
38,273
38,330
38,337
38,408
38,424
38,481
38,488
38,524
38,620
38,679
38,700
38,713
38,715
38,730
38,778
38,781
38,789
38,867
38,870
38,917
38,919
38,927
38,958
38,976
38,991
38,1032
39,200
39,230
39,438
39,447
39,818
39,844
40,254
40,635
